15 60
000000000000000000000000000000000000000000000000000000000000
0            00000        111                              0
0            00000 111111 111 1111 11 1111                 0
0 11 1111111 00000 112231 111 1111 11 111                  0
0 11         00000 100011 111 1111 1            11111      0
0 11 1     1 11111 1   11 111    1 1 11 1       11121      0
0    1 121 1 10000 1   00 111 1111 1 11 11      11311      0
0 1 11     1 00000 111111 111 1111              11111      0
0   11     1 11111                              11211      0
0  1 1     1  1111 111 111111111   1                       0
0          00000000          00000              11111      0
0          00000000          00000          0000           0
0          00000000          00000          0000           0
0                                           0000           0
000000000000000000000000000000000000000000000000000000000000
                                                            
                                                            
                       +      *                             
      @                                                     
                                                 @          
                                                            
                            @                               
                                                   +         
                                                            
                                                            
                                                            
                                                            
                                                            
                                                            
                                                            
